170
1|502|0|15|502|4|3.710000|100|2|-1.000000|100|4|2.010000|101|4|-1.220000|101|7|-3.230000|101|5|-3.360000|101|102|-2.080000|102|2|3.000000|102|7|2.130000|102|4|1.635000|102|100|2.070000|103|4|-3.400000|103|0|3.130000|103|1|-1.590000|103|100|-1.520000
4|500|0|501|0|502|3|503|2|20|500|1|2.770000|500|6|-1.330000|500|503|2.180000|502|4|3.710000|100|2|-1.000000|100|4|2.010000|101|4|-1.390000|101|7|-3.230000|101|5|-3.360000|101|102|-2.080000|101|500|2.400000|102|2|3.000000|102|7|2.130000|102|4|2.170000|102|100|2.070000|103|4|-3.290000|103|0|3.130000|103|1|-1.590000|103|100|-1.520000|103|501|2.850000
0|11|100|2|-1.000000|100|4|2.010000|101|4|-1.390000|101|7|-3.230000|101|5|-2.940000|101|102|-2.080000|102|2|3.220000|102|7|2.130000|102|4|2.170000|103|100|2.070000|103|1|-1.590000
3|500|0|501|3|502|2|20|500|1|2.940000|500|6|-1.330000|501|103|1.640000|502|4|3.710000|100|2|-1.000000|100|4|2.010000|101|4|-1.390000|101|7|-3.230000|101|5|-3.360000|101|102|-2.080000|101|500|1.980000|102|2|3.000000|102|7|2.130000|102|4|2.170000|102|100|2.070000|103|4|-3.850000|103|0|3.130000|103|1|-1.590000|103|100|-1.520000|103|501|2.850000
2|500|2|501|2|20|500|102|2.770000|500|6|-1.330000|501|103|-3.930000|100|2|-1.000000|100|4|2.010000|101|4|-1.390000|101|7|-3.230000|101|5|-3.360000|101|102|-2.080000|101|500|2.400000|102|2|2.620000|102|7|2.130000|102|4|1.760000|102|100|2.070000|103|4|-3.400000|103|0|3.130000|103|1|-1.170000|103|100|-1.520000|103|501|2.850000|103|2|-3.210000
2|500|0|502|3|18|500|1|2.770000|500|6|-1.330000|502|4|3.710000|100|2|-1.000000|100|4|2.010000|101|4|-1.390000|101|7|-3.230000|101|5|-3.360000|101|0|-2.080000|101|500|2.800000|102|2|3.000000|102|7|2.130000|102|4|2.170000|102|100|2.070000|103|4|-3.400000|103|0|3.130000|103|1|-1.590000|103|100|-1.520000
4|500|2|501|2|502|2|503|3|23|500|102|2.770000|500|6|-1.330000|500|502|-2.680000|501|103|-3.930000|502|4|3.630000|503|102|-3.220000|100|2|-1.000000|100|4|2.010000|101|4|-1.390000|101|7|-3.230000|101|5|-3.360000|101|102|-2.080000|101|500|2.400000|102|2|2.620000|102|7|2.130000|102|4|1.760000|102|100|2.070000|103|4|-3.400000|103|0|3.130000|103|1|-1.590000|103|100|-1.520000|103|501|2.850000|103|2|-3.210000
0|11|100|2|-1.000000|100|4|2.010000|101|4|-1.390000|101|7|-3.230000|101|5|-2.940000|101|102|-2.080000|102|2|3.220000|102|7|2.130000|102|4|2.170000|103|100|2.070000|103|1|-1.770000
2|500|2|501|2|19|500|1|2.770000|500|6|-1.330000|100|2|-1.000000|100|4|2.010000|101|4|-1.390000|101|7|-3.230000|101|5|-3.360000|101|102|-2.080000|101|500|2.400000|102|2|2.620000|102|7|2.130000|102|4|2.170000|102|100|2.070000|103|4|-3.400000|103|0|3.130000|103|1|-1.590000|103|100|-1.520000|103|501|2.850000|103|2|-3.210000
0|11|100|2|-1.000000|100|4|2.010000|101|4|-1.390000|101|7|-3.230000|101|5|-2.940000|101|102|-2.080000|102|2|3.220000|102|7|2.130000|102|4|2.170000|103|100|2.070000|103|1|-1.590000
3|500|0|501|3|502|3|20|500|1|2.940000|500|6|-1.330000|501|103|1.640000|502|4|3.710000|100|2|-1.000000|100|4|2.010000|101|4|-1.390000|101|7|-3.230000|101|5|-3.360000|101|102|-2.080000|101|500|1.980000|102|2|3.000000|102|7|2.130000|102|4|2.170000|102|100|2.070000|103|4|-3.850000|103|0|3.130000|103|1|-1.590000|103|100|-1.520000|103|501|2.850000
1|502|0|15|502|4|3.710000|100|2|-1.000000|100|4|2.010000|101|4|-1.220000|101|7|-3.230000|101|5|-3.360000|101|102|-2.080000|102|2|3.000000|102|7|2.130000|102|4|2.170000|102|100|2.070000|103|4|-3.400000|103|0|3.130000|103|1|-1.590000|103|100|-1.520000
0|11|100|2|-1.000000|100|4|2.010000|101|4|-1.390000|101|7|-3.230000|101|5|-2.940000|101|102|-2.080000|102|2|3.220000|102|7|2.130000|102|4|2.170000|103|100|2.070000|103|1|-1.590000
0|11|100|2|-1.000000|100|4|2.010000|101|4|-1.390000|101|7|-3.230000|101|5|-2.940000|101|102|-2.080000|102|2|3.220000|102|7|2.130000|102|4|2.170000|103|100|2.070000|103|1|-1.590000
